„50-

-------—--——--——
Pag. ed. Hultsch] Pag. diss. Pag. 611. Hultsch. Pag. 11166.
..m-..ffi—

6666 Ι 66 66666 66
66666 ἱ, 66 ,64666 66
6661 ι 66 64616 46
66466 · 66 66616 66 ,
66616 66, 16666 61
61616 “ 66 164611

66666 66 ’ ss) 66461

66666 66 166166

6666 66 666664

66664 66 166616 .

64664 - 64 166611

*664466 646 16666

6464 41 166661

66661 66 1114,1

66614 ; 64 114616

,6666 66 11666

66666 66 11661

66616 66 116616

6666 46 166666

66666 . 66 666616

66666 66 166666

881,ss 34 66366

66661 . 66 166616

66466 61 166614 ’

’66664 ’ 66 166666 v
66661 66 166616

61616 66 16666

6146 66 666661

61616 66 16166

6161 66 16661

66616 s 66 164666

66661 64 166161

66

.....---.-ι--.-

·) non 884, 111 1616666612 6611611161 out.
”) 61611 1047,Ξὸ 6116166 pag. 43 6611611166 est.

 

